a(1,1) = 0.4961014639569105;
a(1,2) = 0.4834992337140410;
a(2,1) = 0.4945641730383590;
a(2,2) = 0.4882630579169243;
a(3,1) = 0.0038985360430896;
a(3,2) = 0.0165007662859590;
a(4,1) = 0.0054358269616410;
a(4,2) = 0.0117369420830757;
bhigh = 0.5278924715207693;
